87
0 63 57 58 57 53 50 50 48 51 42 44 40 37 39 30 29 34 15 24 27 30 33 28 30 32 31 31 34 37 40 32 37 39 42 43 48 53 59 64 71 67 61 29 14 27 19 27 16 11 19 29 34 38 37 41 43 44 43 44 47 44 43 43 44 54 50 49 48 47 49 58 49 56 54 57 57 42 45 37 6 3 23 18 25 21 24 
63 0 6 7 12 16 13 21 28 27 25 23 36 30 30 34 39 38 53 62 65 68 71 61 63 67 64 59 57 54 51 54 53 47 46 31 27 31 25 30 26 30 13 62 50 60 44 37 48 52 57 43 67 71 65 68 67 67 69 65 68 65 64 60 52 58 57 63 64 64 65 62 53 60 58 58 61 63 49 62 59 60 56 50 57 46 48 
57 6 0 1 7 10 7 15 23 21 19 17 30 24 24 28 33 32 48 57 60 63 65 56 58 62 59 54 51 48 45 48 48 41 40 26 21 25 19 24 31 27 18 57 44 54 38 31 43 46 51 37 62 65 60 63 61 62 64 60 63 60 59 55 47 53 51 57 59 59 60 56 48 55 52 55 56 57 44 57 53 54 50 45 52 41 42 
58 7 1 0 6 9 8 14 22 20 20 18 29 25 25 29 34 33 49 58 61 64 66 57 59 63 60 55 52 49 46 49 49 42 41 27 22 26 20 25 32 28 19 58 45 55 39 32 44 47 52 38 63 66 61 64 62 63 65 61 64 61 60 56 48 54 52 58 60 60 61 57 49 56 53 56 57 58 45 58 54 55 51 46 53 42 43 
57 12 7 6 0 4 7 9 16 15 17 17 24 22 24 28 33 32 47 56 59 62 65 55 57 61 58 53 51 48 45 48 47 41 40 25 21 25 19 24 31 27 18 56 44 54 38 31 42 46 51 37 61 65 59 62 61 61 63 59 62 59 58 54 46 52 51 57 58 58 59 56 47 54 52 55 55 57 43 56 53 54 50 44 51 40 42 
53 16 10 9 4 0 3 5 13 11 13 13 20 18 20 24 29 28 44 53 56 59 61 52 54 58 55 50 47 44 41 44 44 37 36 22 17 21 15 20 28 23 14 53 40 50 34 27 39 42 47 33 58 61 56 59 57 58 60 56 59 56 55 51 43 49 47 53 55 55 56 52 44 51 48 51 52 53 40 53 49 50 46 41 48 37 38 
50 13 7 8 7 3 0 8 16 14 12 10 23 17 17 21 26 25 41 50 53 56 58 49 51 55 52 47 44 41 38 41 41 34 33 19 14 18 12 17 25 20 11 50 37 47 31 24 36 39 44 30 55 58 53 56 54 55 57 53 56 53 52 48 40 46 44 50 52 52 53 49 41 48 45 48 49 50 37 50 46 47 43 38 45 34 35 
50 21 15 14 9 5 8 0 8 6 8 10 15 13 19 20 25 24 41 50 53 56 58 49 51 55 52 52 52 49 46 49 49 42 41 23 22 26 20 25 33 28 19 50 37 47 31 23 36 39 44 29 55 58 57 61 62 63 63 61 64 61 60 56 48 54 52 58 60 60 61 57 49 56 53 56 57 58 45 58 46 47 43 38 45 34 34 
48 28 23 22 16 13 16 8 0 4 13 15 8 15 21 18 23 22 38 47 50 53 56 46 48 52 49 49 52 55 53 49 55 49 48 25 29 34 28 33 40 36 27 47 35 45 29 21 33 37 42 27 52 56 55 59 61 62 61 62 65 62 61 61 55 61 59 65 66 65 67 64 56 63 60 63 64 60 52 55 44 45 41 35 42 31 32 
51 27 21 20 15 11 14 6 4 0 11 13 11 16 22 21 26 25 42 51 54 57 59 50 52 56 53 53 55 55 52 53 55 48 47 26 28 32 26 31 39 34 25 51 38 48 32 24 37 40 45 30 56 59 58 62 65 65 64 66 69 66 65 62 54 60 58 64 66 66 67 63 55 62 59 62 63 63 51 59 47 48 44 39 46 35 35 
42 25 19 20 17 13 12 8 13 11 0 2 12 5 11 12 17 16 33 42 45 48 50 41 43 47 44 44 46 47 44 44 46 40 39 15 20 25 24 29 37 32 23 42 29 39 23 15 28 31 36 21 47 50 49 53 56 56 55 57 60 57 56 53 45 51 50 56 57 57 58 55 46 53 51 54 54 54 42 50 38 39 35 30 37 26 26 
44 23 17 18 17 13 10 10 15 13 2 0 14 7 11 14 19 18 35 44 47 50 52 43 45 49 46 46 48 47 44 46 46 40 39 15 20 25 22 27 35 30 21 44 31 41 25 17 30 33 38 23 49 52 51 55 58 58 57 58 61 58 57 53 45 51 50 56 57 57 58 55 46 53 51 54 54 56 42 52 40 41 37 32 39 28 28 
40 36 30 29 24 20 23 15 8 11 12 14 0 7 13 10 15 14 31 40 43 46 48 39 41 45 42 42 44 47 46 42 47 42 41 17 22 27 33 38 45 41 34 40 27 37 21 13 26 29 34 19 45 48 47 51 54 54 53 55 58 55 54 54 47 53 52 58 58 58 59 57 48 55 53 56 56 52 44 48 36 37 33 28 35 24 24 
37 30 24 25 22 18 17 13 15 16 5 7 7 0 6 7 12 11 28 37 40 43 45 36 38 42 39 39 41 42 39 39 41 35 34 10 15 20 26 31 38 34 28 37 24 34 18 10 23 26 31 16 42 45 44 48 51 51 50 52 55 52 51 48 40 46 45 51 52 52 53 50 41 48 46 49 49 49 37 45 33 34 30 25 32 21 21 
39 30 24 25 24 20 17 19 21 22 11 11 13 6 0 10 15 14 30 39 42 45 47 38 40 44 41 41 39 36 33 36 35 29 28 4 9 14 20 25 32 28 28 39 26 36 20 13 25 28 33 19 44 47 46 50 49 49 51 47 50 47 46 42 34 40 39 45 46 46 47 44 35 42 40 43 43 45 31 44 35 36 32 27 34 23 24 
30 34 28 29 28 24 21 20 18 21 12 14 10 7 10 0 5 4 21 30 33 36 38 29 31 35 32 32 34 37 40 32 37 39 38 14 19 24 30 35 42 38 32 30 17 27 11 3 16 19 24 9 35 38 37 41 44 44 43 45 48 45 44 44 44 50 49 50 48 48 49 54 45 52 50 53 53 42 41 38 26 27 23 18 25 14 14 
29 39 33 34 33 29 26 25 23 26 17 19 15 12 15 5 0 9 20 29 32 35 37 28 30 34 31 31 33 36 39 31 36 38 41 19 24 29 35 40 47 43 37 29 16 26 10 2 15 18 23 10 34 37 36 40 43 43 42 44 47 44 43 43 43 53 49 49 47 47 48 57 48 55 53 56 56 41 44 37 25 26 22 17 24 13 15 
34 38 32 33 32 28 25 24 22 25 16 18 14 11 14 4 9 0 25 34 37 40 42 33 35 39 36 36 38 41 44 36 41 43 42 18 23 28 34 39 46 42 36 34 21 31 15 7 20 23 28 13 39 42 41 45 48 48 47 49 52 49 48 48 48 54 53 54 52 52 53 58 49 56 54 57 57 46 45 42 30 31 27 22 29 18 18 
15 53 48 49 47 44 41 41 38 42 33 35 31 28 30 21 20 25 0 9 12 15 18 13 15 17 16 16 19 22 25 18 24 25 28 34 38 43 49 54 62 57 52 14 5 12 10 18 8 7 4 20 19 23 22 26 28 29 28 29 32 29 28 28 31 41 36 34 33 32 34 43 36 43 40 43 44 27 32 22 11 12 8 4 11 12 17 
24 62 57 58 56 53 50 50 47 51 42 44 40 37 39 30 29 34 9 0 3 6 9 11 13 8 16 22 24 27 30 27 33 34 37 43 47 52 58 63 71 66 61 18 14 21 19 27 17 16 6 29 17 21 22 26 26 29 23 31 32 33 32 36 40 49 45 42 41 40 42 51 45 52 49 52 52 31 41 26 20 21 17 13 20 21 26 
27 65 60 61 59 56 53 53 50 54 45 47 43 40 42 33 32 37 12 3 0 3 6 8 10 5 13 19 21 24 27 30 31 31 34 46 50 55 61 66 74 69 64 15 17 22 22 30 20 19 9 32 14 18 19 23 23 26 20 28 29 30 29 33 37 46 42 39 38 37 39 48 42 49 46 49 49 28 38 23 23 24 14 16 23 24 29 
30 68 63 64 62 59 56 56 53 57 48 50 46 43 45 36 35 40 15 6 3 0 3 11 13 8 16 22 24 27 30 33 34 34 37 49 53 58 64 69 77 72 67 18 20 25 25 33 23 22 12 35 17 21 22 26 23 27 21 29 30 33 32 36 40 49 45 42 41 40 42 51 45 52 49 52 52 30 41 26 26 27 17 19 26 27 32 
33 71 65 66 65 61 58 58 56 59 50 52 48 45 47 38 37 42 18 9 6 3 0 14 16 11 19 24 27 30 33 35 36 37 40 51 56 61 67 72 79 75 69 21 23 27 27 35 26 24 14 37 19 22 23 25 21 24 18 26 28 32 31 36 42 49 48 42 41 40 42 51 47 54 52 55 52 28 43 28 29 30 19 22 29 30 34 
28 61 56 57 55 52 49 49 46 50 41 43 39 36 38 29 28 33 13 11 8 11 14 0 2 6 5 11 13 16 19 22 23 23 26 42 43 48 54 59 67 62 60 7 15 14 18 26 18 18 17 28 6 10 11 15 17 18 15 20 21 22 21 25 29 38 34 31 30 29 31 40 34 41 38 41 41 20 30 15 24 25 6 12 19 20 26 
30 63 58 59 57 54 51 51 48 52 43 45 41 38 40 31 30 35 15 13 10 13 16 2 0 8 3 9 11 14 17 20 21 21 24 44 41 46 52 57 65 60 62 5 17 12 20 28 20 20 19 30 4 8 9 13 15 16 13 18 19 20 19 23 27 36 32 29 28 27 29 38 32 39 36 39 39 18 28 13 26 27 8 14 17 22 28 
32 67 62 63 61 58 55 55 52 56 47 49 45 42 44 35 34 39 17 8 5 8 11 6 8 0 11 17 19 22 25 28 29 29 32 48 49 54 60 65 73 68 66 13 21 20 24 32 24 24 14 34 12 16 17 21 22 24 19 26 27 28 27 31 35 44 40 37 36 35 37 46 40 47 44 47 47 26 36 21 28 29 12 18 25 26 32 
31 64 59 60 58 55 52 52 49 53 44 46 42 39 41 32 31 36 16 16 13 16 19 5 3 11 0 6 8 11 14 17 18 18 21 43 38 43 49 54 62 57 63 2 18 9 21 29 21 21 20 31 7 11 10 14 16 17 16 19 20 19 18 22 24 34 29 28 26 26 27 37 29 36 33 36 37 16 25 12 27 28 11 15 14 23 29 
31 59 54 55 53 50 47 52 49 53 44 46 42 39 41 32 31 36 16 22 19 22 24 11 9 17 6 0 3 6 9 13 12 13 16 37 33 38 44 49 56 52 58 4 18 9 21 29 21 21 20 31 11 14 6 10 13 13 15 13 16 13 12 16 18 28 24 22 21 20 22 31 23 30 28 31 31 11 19 6 27 28 16 15 14 23 29 
34 57 51 52 51 47 44 52 52 55 46 48 44 41 39 34 33 38 19 24 21 24 27 13 11 19 8 3 0 3 6 10 10 10 13 35 30 35 41 46 54 49 55 6 20 8 23 31 23 23 22 33 13 17 9 13 15 16 18 16 19 16 15 18 16 26 21 24 22 22 23 29 21 28 25 28 29 13 17 9 30 31 19 18 13 26 32 
37 54 48 49 48 44 41 49 55 55 47 47 47 42 36 37 36 41 22 27 24 27 30 16 14 22 11 6 3 0 3 7 7 7 10 32 27 32 38 43 51 46 52 9 23 11 26 34 26 26 25 36 16 20 12 16 18 19 21 18 21 18 17 15 13 23 18 21 19 19 20 26 18 25 22 25 26 15 14 12 33 34 22 21 14 29 35 
40 51 45 46 45 41 38 46 53 52 44 44 46 39 33 40 39 44 25 30 27 30 33 19 17 25 14 9 6 3 0 10 10 4 7 29 24 29 35 40 48 43 49 12 26 14 29 37 29 29 28 39 19 23 15 18 16 17 19 15 18 15 14 12 10 20 15 18 16 16 17 23 15 22 19 22 23 12 11 12 36 37 25 24 17 32 38 
32 54 48 49 48 44 41 49 49 53 44 46 42 39 36 32 31 36 18 27 30 33 35 22 20 28 17 13 10 7 10 0 6 7 10 32 27 32 38 43 51 46 52 15 18 8 21 29 21 21 22 31 23 27 19 23 25 26 28 25 28 25 24 21 13 23 18 24 25 25 26 26 18 25 22 25 26 22 14 19 28 29 20 14 7 23 29 
37 53 48 49 47 44 41 49 55 55 46 46 47 41 35 37 36 41 24 33 31 34 36 23 21 29 18 12 10 7 10 6 0 7 10 31 27 32 38 43 50 46 52 16 23 13 26 34 26 26 27 36 23 26 18 22 25 25 27 24 27 24 23 20 12 22 18 24 25 24 26 26 17 24 22 25 25 22 13 18 33 34 25 20 13 29 35 
39 47 41 42 41 37 34 42 49 48 40 40 42 35 29 39 38 43 25 34 31 34 37 23 21 29 18 13 10 7 4 7 7 0 3 25 20 25 31 36 44 39 45 16 25 15 28 36 28 28 29 38 23 27 19 22 20 21 23 19 22 19 18 14 6 16 11 17 18 18 19 19 11 18 15 18 19 16 7 16 35 36 27 21 14 30 36 
42 46 40 41 40 36 33 41 48 47 39 39 41 34 28 38 41 42 28 37 34 37 40 26 24 32 21 16 13 10 7 10 10 3 0 24 19 24 30 35 43 38 44 19 28 18 31 39 31 31 32 41 26 30 22 25 23 24 26 22 25 22 21 16 8 13 11 17 19 20 20 16 8 15 12 15 16 19 4 19 38 39 30 24 17 33 39 
43 31 26 27 25 22 19 23 25 26 15 15 17 10 4 14 19 18 34 43 46 49 51 42 44 48 43 37 35 32 29 32 31 25 24 0 5 10 16 21 28 24 30 41 30 39 24 17 29 32 37 23 48 51 43 46 45 45 47 43 46 43 42 38 30 36 35 41 42 42 43 40 31 38 36 39 39 41 27 40 39 40 36 31 38 27 28 
48 27 21 22 21 17 14 22 29 28 20 20 22 15 9 19 24 23 38 47 50 53 56 43 41 49 38 33 30 27 24 27 27 20 19 5 0 5 11 16 24 19 25 36 35 35 29 22 33 37 42 28 43 47 39 42 40 41 43 39 42 39 38 34 26 32 30 36 38 38 39 35 27 34 31 34 35 36 23 36 44 45 41 35 34 31 33 
53 31 25 26 25 21 18 26 34 32 25 25 27 20 14 24 29 28 43 52 55 58 61 48 46 54 43 38 35 32 29 32 32 25 24 10 5 0 6 11 19 14 29 41 40 40 34 27 38 42 47 33 48 52 44 47 45 46 48 44 47 44 43 39 31 37 35 41 43 43 44 40 32 39 36 39 40 41 28 41 49 50 46 40 39 36 38 
59 25 19 20 19 15 12 20 28 26 24 22 33 26 20 30 35 34 49 58 61 64 67 54 52 60 49 44 41 38 35 38 38 31 30 16 11 6 0 5 13 8 23 47 46 46 40 33 44 48 53 39 54 58 50 53 51 52 54 50 53 50 49 45 37 43 41 47 49 49 50 46 38 45 42 45 46 47 34 47 55 56 52 46 45 42 44 
64 30 24 25 24 20 17 25 33 31 29 27 38 31 25 35 40 39 54 63 66 69 72 59 57 65 54 49 46 43 40 43 43 36 35 21 16 11 5 0 8 3 28 52 51 51 45 38 49 53 58 44 59 63 55 58 56 57 59 55 58 55 54 50 42 47 46 52 54 54 55 50 43 45 43 40 43 52 39 52 60 61 57 51 50 47 49 
71 26 31 32 31 28 25 33 40 39 37 35 45 38 32 42 47 46 62 71 74 77 79 67 65 73 62 56 54 51 48 51 50 44 43 28 24 19 13 8 0 5 20 60 58 58 52 45 57 60 65 51 67 70 62 65 64 64 66 62 65 59 60 52 48 39 45 46 47 51 48 43 40 38 35 32 36 60 44 59 67 68 64 59 58 55 56 
67 30 27 28 27 23 20 28 36 34 32 30 41 34 28 38 43 42 57 66 69 72 75 62 60 68 57 52 49 46 43 46 46 39 38 24 19 14 8 3 5 0 25 55 54 54 48 41 52 56 61 47 62 66 58 61 59 60 62 58 61 58 57 53 45 44 49 50 52 56 53 47 44 42 40 37 40 55 42 55 63 64 60 54 53 50 52 
61 13 18 19 18 14 11 19 27 25 23 21 34 28 28 32 37 36 52 61 64 67 69 60 62 66 63 58 55 52 49 52 52 45 44 30 25 29 23 28 20 25 0 61 48 58 42 35 47 50 55 41 66 69 64 67 65 66 68 64 67 64 63 59 51 57 55 61 63 63 64 60 52 58 55 52 56 61 48 61 57 58 54 49 56 45 46 
29 62 57 58 56 53 50 50 47 51 42 44 40 37 39 30 29 34 14 18 15 18 21 7 5 13 2 4 6 9 12 15 16 16 19 41 36 41 47 52 60 55 61 0 16 7 19 27 19 19 18 29 9 13 8 12 14 15 17 17 18 17 16 20 22 32 27 26 24 24 25 35 27 34 31 34 35 14 23 10 25 26 13 13 12 21 27 
14 50 44 45 44 40 37 37 35 38 29 31 27 24 26 17 16 21 5 14 17 20 23 15 17 21 18 18 20 23 26 18 23 25 28 30 35 40 46 51 58 54 48 16 0 13 6 14 3 3 9 16 21 24 23 27 30 30 29 31 34 31 30 30 30 40 36 36 34 34 35 44 35 42 40 43 43 28 31 24 10 11 9 4 11 8 12 
27 60 54 55 54 50 47 47 45 48 39 41 37 34 36 27 26 31 12 21 22 25 27 14 12 20 9 9 8 11 14 8 13 15 18 39 35 40 46 51 58 54 58 7 13 0 16 24 16 16 15 26 16 19 14 18 21 21 23 22 25 22 21 21 20 30 26 27 25 25 26 34 25 32 30 33 33 19 21 15 23 24 12 11 5 19 25 
19 44 38 39 38 34 31 31 29 32 23 25 21 18 20 11 10 15 10 19 22 25 27 18 20 24 21 21 23 26 29 21 26 28 31 24 29 34 40 45 52 48 42 19 6 16 0 8 5 8 13 10 24 27 26 30 33 33 32 34 37 34 33 33 33 43 39 39 37 37 38 47 38 45 43 46 46 31 34 27 15 16 12 7 14 3 13 
27 37 31 32 31 27 24 23 21 24 15 17 13 10 13 3 2 7 18 27 30 33 35 26 28 32 29 29 31 34 37 29 34 36 39 17 22 27 33 38 45 41 35 27 14 24 8 0 13 16 21 8 32 35 34 38 41 41 40 42 45 42 41 41 41 51 47 47 45 45 46 55 46 53 51 54 54 39 42 35 23 24 20 15 22 11 13 
16 48 43 44 42 39 36 36 33 37 28 30 26 23 25 16 15 20 8 17 20 23 26 18 20 24 21 21 23 26 29 21 26 28 31 29 33 38 44 49 57 52 47 19 3 16 5 13 0 5 12 14 24 27 26 30 33 33 32 34 37 34 33 33 33 43 39 39 37 37 38 47 38 45 43 46 46 31 34 27 12 13 12 7 14 5 9 
11 52 46 47 46 42 39 39 37 40 31 33 29 26 28 19 18 23 7 16 19 22 24 18 20 24 21 21 23 26 29 21 26 28 31 32 37 42 48 53 60 56 50 19 3 16 8 16 5 0 10 18 24 27 26 30 33 33 32 34 37 34 33 33 33 43 39 39 37 37 38 47 38 45 43 46 46 31 34 27 7 8 12 7 14 10 13 
19 57 51 52 51 47 44 44 42 45 36 38 34 31 33 24 23 28 4 6 9 12 14 17 19 14 20 20 22 25 28 22 27 29 32 37 42 47 53 58 65 61 55 18 9 15 13 21 12 10 0 23 23 26 25 29 31 32 29 33 36 33 32 32 34 44 40 38 36 36 37 47 39 46 44 47 47 30 35 26 15 16 11 8 15 16 20 
29 43 37 38 37 33 30 29 27 30 21 23 19 16 19 9 10 13 20 29 32 35 37 28 30 34 31 31 33 36 39 31 36 38 41 23 28 33 39 44 51 47 41 29 16 26 10 8 14 18 23 0 34 37 36 40 43 43 42 44 47 44 43 43 43 53 49 49 47 47 48 57 48 55 53 56 56 41 44 37 25 26 22 17 24 13 5 
34 67 62 63 61 58 55 55 52 56 47 49 45 42 44 35 34 39 19 17 14 17 19 6 4 12 7 11 13 16 19 23 23 23 26 48 43 48 54 59 67 62 66 9 21 16 24 32 24 24 23 34 0 4 5 9 11 12 9 14 15 16 15 19 27 32 31 25 24 23 25 34 34 41 38 39 35 14 30 9 30 31 12 18 21 26 32 
38 71 65 66 65 61 58 58 56 59 50 52 48 45 47 38 37 42 23 21 18 21 22 10 8 16 11 14 17 20 23 27 26 27 30 51 47 52 58 63 70 66 69 13 24 19 27 35 27 27 26 37 4 0 8 12 15 15 12 17 19 20 19 23 31 35 35 29 27 27 28 38 37 44 42 42 39 17 33 13 34 35 15 22 24 30 36 
37 65 60 61 59 56 53 57 55 58 49 51 47 44 46 37 36 41 22 22 19 22 23 11 9 17 10 6 9 12 15 19 18 19 22 43 39 44 50 55 62 58 64 8 23 14 26 34 26 26 25 36 5 8 0 4 7 7 9 9 11 12 11 15 23 27 27 21 19 19 20 30 29 36 34 34 31 9 25 5 33 34 16 21 19 29 35 
41 68 63 64 62 59 56 61 59 62 53 55 51 48 50 41 40 45 26 26 23 26 25 15 13 21 14 10 13 16 18 23 22 22 25 46 42 47 53 58 65 61 67 12 27 18 30 38 30 30 29 40 9 12 4 0 5 5 7 7 9 13 12 17 25 30 29 23 22 21 23 32 32 39 37 37 33 9 28 9 37 38 20 25 23 33 39 
43 67 61 62 61 57 54 62 61 65 56 58 54 51 49 44 43 48 28 26 23 23 21 17 15 22 16 13 15 18 16 25 25 20 23 45 40 45 51 56 64 59 65 14 30 21 33 41 33 33 31 43 11 15 7 5 0 4 3 6 7 12 11 16 24 28 28 22 20 19 21 31 31 38 35 35 32 7 27 10 39 40 23 27 26 35 41 
44 67 62 63 61 58 55 63 62 65 56 58 54 51 49 44 43 48 29 29 26 27 24 18 16 24 17 13 16 19 17 26 25 21 24 45 41 46 52 57 64 60 66 15 30 21 33 41 33 33 32 43 12 15 7 5 4 0 6 2 4 10 9 14 22 27 26 20 19 18 20 29 31 36 34 34 30 6 27 10 40 41 23 28 26 36 42 
43 69 64 65 63 60 57 63 61 64 55 57 53 50 51 43 42 47 28 23 20 21 18 15 13 19 16 15 18 21 19 28 27 23 26 47 43 48 54 59 66 62 68 17 29 23 32 40 32 32 29 42 9 12 9 7 3 6 0 8 10 14 13 18 26 31 30 24 23 22 24 33 33 40 38 38 34 10 29 12 39 40 20 27 28 35 41 
44 65 60 61 59 56 53 61 62 66 57 58 55 52 47 45 44 49 29 31 28 29 26 20 18 26 19 13 16 18 15 25 24 19 22 43 39 44 50 55 62 58 64 17 31 22 34 42 34 34 33 44 14 17 9 7 6 2 8 0 3 8 7 12 20 25 24 18 17 16 18 27 29 34 32 32 28 4 25 8 40 41 25 28 27 36 42 
47 68 63 64 62 59 56 64 65 69 60 61 58 55 50 48 47 52 32 32 29 30 28 21 19 27 20 16 19 21 18 28 27 22 25 46 42 47 53 58 65 61 67 18 34 25 37 45 37 37 36 47 15 19 11 9 7 4 10 3 0 11 10 15 23 28 27 21 20 19 21 30 32 37 35 35 31 7 28 11 43 44 27 31 30 39 45 
44 65 60 61 59 56 53 61 62 66 57 58 55 52 47 45 44 49 29 33 30 33 32 22 20 28 19 13 16 18 15 25 24 19 22 43 39 44 50 55 59 58 64 17 31 22 34 42 34 34 33 44 16 20 12 13 12 10 14 8 11 0 2 11 19 20 19 13 12 8 11 22 28 29 27 27 23 5 24 8 40 41 28 28 27 36 42 
43 64 59 60 58 55 52 60 61 65 56 57 54 51 46 44 43 48 28 32 29 32 31 21 19 27 18 12 15 17 14 24 23 18 21 42 38 43 49 54 60 57 63 16 30 21 33 41 33 33 32 43 15 19 11 12 11 9 13 7 10 2 0 10 18 21 21 15 13 9 12 24 27 31 28 28 25 4 23 7 39 40 27 27 26 35 41 
43 60 55 56 54 51 48 56 61 62 53 53 54 48 42 44 43 48 28 36 33 36 36 25 23 31 22 16 18 15 12 21 20 14 16 38 34 39 45 50 52 53 59 20 30 21 33 41 33 33 32 43 19 23 15 17 16 14 18 12 15 11 10 0 8 13 12 6 5 4 6 15 17 22 20 20 16 9 13 11 39 40 29 27 26 35 41 
44 52 47 48 46 43 40 48 55 54 45 45 47 40 34 44 43 48 31 40 37 40 42 29 27 35 24 18 16 13 10 13 12 6 8 30 26 31 37 42 48 45 51 22 30 20 33 41 33 33 34 43 27 31 23 25 24 22 26 20 23 19 18 8 0 11 6 12 13 12 14 15 9 16 13 16 15 17 5 19 40 41 32 27 20 36 42 
54 58 53 54 52 49 46 54 61 60 51 51 53 46 40 50 53 54 41 49 46 49 49 38 36 44 34 28 26 23 20 23 22 16 13 36 32 37 43 47 39 44 57 32 40 30 43 51 43 43 44 53 32 35 27 30 28 27 31 25 28 20 21 13 11 0 6 7 8 12 9 4 10 10 7 7 4 21 9 24 50 51 41 37 30 46 52 
50 57 51 52 51 47 44 52 59 58 50 50 52 45 39 49 49 53 36 45 42 45 48 34 32 40 29 24 21 18 15 18 18 11 11 35 30 35 41 46 45 49 55 27 36 26 39 47 39 39 40 49 31 35 27 29 28 26 30 24 27 19 21 12 6 6 0 6 8 12 9 9 9 15 13 13 9 21 8 23 46 47 38 32 25 41 47 
49 63 57 58 57 53 50 58 65 64 56 56 58 51 45 50 49 54 34 42 39 42 42 31 29 37 28 22 24 21 18 24 24 17 17 41 36 41 47 52 46 50 61 26 36 27 39 47 39 39 38 49 25 29 21 23 22 20 24 18 21 13 15 6 12 7 6 0 2 6 3 10 15 16 14 14 10 15 14 17 45 46 35 33 31 41 47 
48 64 59 60 58 55 52 60 66 66 57 57 58 52 46 48 47 52 33 41 38 41 41 30 28 36 26 21 22 19 16 25 25 18 19 42 38 43 49 54 47 52 63 24 34 25 37 45 37 37 36 47 24 27 19 22 20 19 23 17 20 12 13 5 13 8 8 2 0 4 1 11 16 18 15 15 12 13 15 16 44 45 33 32 30 40 46 
47 64 59 60 58 55 52 60 65 66 57 57 58 52 46 48 47 52 32 40 37 40 40 29 27 35 26 20 22 19 16 25 24 18 20 42 38 43 49 54 51 56 63 24 34 25 37 45 37 37 36 47 23 27 19 21 19 18 22 16 19 8 9 4 12 12 12 6 4 0 3 15 20 22 19 19 16 12 17 15 43 44 33 31 30 39 45 
49 65 60 61 59 56 53 61 67 67 58 58 59 53 47 49 48 53 34 42 39 42 42 31 29 37 27 22 23 20 17 26 26 19 20 43 39 44 50 55 48 53 64 25 35 26 38 46 38 38 37 48 25 28 20 23 21 20 24 18 21 11 12 6 14 9 9 3 1 3 0 12 17 19 16 16 13 14 16 17 45 46 34 33 31 41 47 
58 62 56 57 56 52 49 57 64 63 55 55 57 50 44 54 57 58 43 51 48 51 51 40 38 46 37 31 29 26 23 26 26 19 16 40 35 40 46 50 43 47 60 35 44 34 47 55 47 47 47 57 34 38 30 32 31 29 33 27 30 22 24 15 15 4 9 10 11 15 12 0 14 13 11 11 7 24 13 26 54 55 44 40 33 49 55 
49 53 48 49 47 44 41 49 56 55 46 46 48 41 35 45 48 49 36 45 42 45 47 34 32 40 29 23 21 18 15 18 17 11 8 31 27 32 38 43 40 44 52 27 35 25 38 46 38 38 39 48 34 37 29 32 31 31 33 29 32 28 27 17 9 10 9 15 16 20 17 14 0 7 5 8 8 25 4 26 45 46 37 32 25 41 47 
56 60 55 56 54 51 48 56 63 62 53 53 55 48 42 52 55 56 43 52 49 52 54 41 39 47 36 30 28 25 22 25 24 18 15 38 34 39 45 45 38 42 58 34 42 32 45 53 45 45 46 55 41 44 36 39 38 36 40 34 37 29 31 22 16 10 15 16 18 22 19 13 7 0 3 6 6 31 11 33 52 53 44 39 32 48 54 
54 58 52 53 52 48 45 53 60 59 51 51 53 46 40 50 53 54 40 49 46 49 52 38 36 44 33 28 25 22 19 22 22 15 12 36 31 36 42 43 35 40 55 31 40 30 43 51 43 43 44 53 38 42 34 37 35 34 38 32 35 27 28 20 13 7 13 14 15 19 16 11 5 3 0 3 4 28 9 31 50 51 42 36 29 45 51 
57 58 55 56 55 51 48 56 63 62 54 54 56 49 43 53 56 57 43 52 49 52 55 41 39 47 36 31 28 25 22 25 25 18 15 39 34 39 45 40 32 37 52 34 43 33 46 54 46 46 47 56 39 42 34 37 35 34 38 32 35 27 28 20 16 7 13 14 15 19 16 11 8 6 3 0 4 28 12 31 53 54 45 39 32 48 54 
57 61 56 57 55 52 49 57 64 63 54 54 56 49 43 53 56 57 44 52 49 52 52 41 39 47 37 31 29 26 23 26 25 19 16 39 35 40 46 43 36 40 56 35 43 33 46 54 46 46 47 56 35 39 31 33 32 30 34 28 31 23 25 16 15 4 9 10 12 16 13 7 8 6 4 4 0 25 12 27 53 54 45 40 33 49 55 
42 63 57 58 57 53 50 58 60 63 54 56 52 49 45 42 41 46 27 31 28 30 28 20 18 26 16 11 13 15 12 22 22 16 19 41 36 41 47 52 60 55 61 14 28 19 31 39 31 31 30 41 14 17 9 9 7 6 10 4 7 5 4 9 17 21 21 15 13 12 14 24 25 31 28 28 25 0 21 6 38 39 25 26 24 34 40 
45 49 44 45 43 40 37 45 52 51 42 42 44 37 31 41 44 45 32 41 38 41 43 30 28 36 25 19 17 14 11 14 13 7 4 27 23 28 34 39 44 42 48 23 31 21 34 42 34 34 35 44 30 33 25 28 27 27 29 25 28 24 23 13 5 9 8 14 15 17 16 13 4 11 9 12 12 21 0 22 41 42 33 28 21 37 43 
37 62 57 58 56 53 50 58 55 59 50 52 48 45 44 38 37 42 22 26 23 26 28 15 13 21 12 6 9 12 12 19 18 16 19 40 36 41 47 52 59 55 61 10 24 15 27 35 27 27 26 37 9 13 5 9 10 10 12 8 11 8 7 11 19 24 23 17 16 15 17 26 26 33 31 31 27 6 22 0 33 34 21 21 20 29 35 
6 59 53 54 53 49 46 46 44 47 38 40 36 33 35 26 25 30 11 20 23 26 29 24 26 28 27 27 30 33 36 28 33 35 38 39 44 49 55 60 67 63 57 25 10 23 15 23 12 7 15 25 30 34 33 37 39 40 39 40 43 40 39 39 40 50 46 45 44 43 45 54 45 52 50 53 53 38 41 33 0 3 19 14 21 17 20 
3 60 54 55 54 50 47 47 45 48 39 41 37 34 36 27 26 31 12 21 24 27 30 25 27 29 28 28 31 34 37 29 34 36 39 40 45 50 56 61 68 64 58 26 11 24 16 24 13 8 16 26 31 35 34 38 40 41 40 41 44 41 40 40 41 51 47 46 45 44 46 55 46 53 51 54 54 39 42 34 3 0 20 15 22 18 21 
23 56 50 51 50 46 43 43 41 44 35 37 33 30 32 23 22 27 8 17 14 17 19 6 8 12 11 16 19 22 25 20 25 27 30 36 41 46 52 57 64 60 54 13 9 12 12 20 12 12 11 22 12 15 16 20 23 23 20 25 27 28 27 29 32 41 38 35 33 33 34 44 37 44 42 45 45 25 33 21 19 20 0 7 14 15 21 
18 50 45 46 44 41 38 38 35 39 30 32 28 25 27 18 17 22 4 13 16 19 22 12 14 18 15 15 18 21 24 14 20 21 24 31 35 40 46 51 59 54 49 13 4 11 7 15 7 7 8 17 18 22 21 25 27 28 27 28 31 28 27 27 27 37 32 33 32 31 33 40 32 39 36 39 40 26 28 21 14 15 7 0 7 9 15 
25 57 52 53 51 48 45 45 42 46 37 39 35 32 34 25 24 29 11 20 23 26 29 19 17 25 14 14 13 14 17 7 13 14 17 38 34 39 45 50 58 53 56 12 11 5 14 22 14 14 15 24 21 24 19 23 26 26 28 27 30 27 26 26 20 30 25 31 30 30 31 33 25 32 29 32 33 24 21 20 21 22 14 7 0 16 22 
21 46 41 42 40 37 34 34 31 35 26 28 24 21 23 14 13 18 12 21 24 27 30 20 22 26 23 23 26 29 32 23 29 30 33 27 31 36 42 47 55 50 45 21 8 19 3 11 5 10 16 13 26 30 29 33 35 36 35 36 39 36 35 35 36 46 41 41 40 39 41 49 41 48 45 48 49 34 37 29 17 18 15 9 16 0 14 
24 48 42 43 42 38 35 34 32 35 26 28 24 21 24 14 15 18 17 26 29 32 34 26 28 32 29 29 32 35 38 29 35 36 39 28 33 38 44 49 56 52 46 27 12 25 13 13 9 13 20 5 32 36 35 39 41 42 41 42 45 42 41 41 42 52 47 47 46 45 47 55 47 54 51 54 55 40 43 35 20 21 21 15 22 14 0 
